10 0.48801843 0.69836066 0.13917051 0.60327869
0 0.67788018 0.85655738 0.11336406 0.28688525
2 0.69400922 0.33770492 0.04055300 0.60327869
2 0.35760369 0.90000000 0.03502304 0.05245902
2 0.59861751 0.95081967 0.03963134 0.09836066
2 0.65023041 0.86065574 0.03041475 0.04590164
2 0.70276498 0.33278689 0.07834101 0.64262295
2 0.35207373 0.90491803 0.02949309 0.05901639
2 0.69216590 0.58606557 0.03133641 0.08032787
2 0.69216590 0.19508197 0.03870968 0.28196721
2 0.35299539 0.92704918 0.03502304 0.10000000
