4 0.19197734 0.36869518 0.00895468 0.10416667
5 0.20211988 0.37828947 0.00438596 0.02028509
5 0.07693713 0.42653509 0.00621345 0.02247807
5 0.07913012 0.34333882 0.00730994 0.04961623
5 0.07913012 0.23177083 0.00767544 0.02110746
5 0.06405336 0.24095395 0.00968567 0.01973684
5 0.06752558 0.16940789 0.00529971 0.02247807
5 0.19462719 0.04893092 0.00877193 0.04687500
5 0.19407895 0.14816338 0.00877193 0.03042763
5 0.20687135 0.07565789 0.00511696 0.01589912
5 0.20604898 0.13418311 0.00566520 0.02110746
5 0.20239401 0.41378838 0.00493421 0.01726974
5 0.20239401 0.44682018 0.00676170 0.01480263
3 0.29322003 0.47505482 0.03527047 0.01206140
3 0.29888523 0.13610197 0.03892544 0.01507675
3 0.29586988 0.15803180 0.03728070 0.01562500
3 0.29513889 0.18078399 0.04130117 0.01781798
2 0.30400219 0.06112939 0.01187865 0.01315789
2 0.30372807 0.07990680 0.00694444 0.01233553
4 0.07931287 0.05208333 0.00767544 0.05646930
2 0.17406798 0.01041667 0.00310673 0.00767544
2 0.29294591 0.34676535 0.04385965 0.03673246
2 0.27156433 0.36732456 0.01864035 0.03399123
2 0.25073099 0.30729167 0.00657895 0.00932018
