4 0.19526681 0.73368969 0.01187865 0.10279605
5 0.20705409 0.77590461 0.00475146 0.01562500
5 0.20623173 0.74026864 0.00639620 0.01891447
5 0.18923611 0.51247259 0.01041667 0.02768640
5 0.20422149 0.49849232 0.00493421 0.02987939
5 0.20294225 0.43804825 0.00639620 0.01425439
5 0.19088085 0.41228070 0.00749269 0.04934211
5 0.18841374 0.29344846 0.01096491 0.02713816
5 0.18740863 0.11403509 0.01078216 0.03837719
5 0.08177997 0.79111842 0.00529971 0.01315789
5 0.08251096 0.72450658 0.00712719 0.01151316
5 0.08251096 0.69887610 0.00712719 0.03536184
5 0.08059211 0.59841009 0.00657895 0.01864035
5 0.06761696 0.61334978 0.00730994 0.01672149
5 0.06752558 0.53796601 0.00749269 0.02110746
4 0.07748538 0.41940789 0.00730994 0.05756579
5 0.07638889 0.29769737 0.00584795 0.01535088
5 0.07328216 0.15953947 0.00548246 0.01918860
5 0.32346491 0.83114035 0.00548246 0.01096491
10 0.29952485 0.83552632 0.03581871 0.00986842
2 0.30254020 0.69750548 0.03125000 0.05016447
2 0.27768640 0.67351974 0.02101608 0.01809211
2 0.27923977 0.70093202 0.01352339 0.01425439
3 0.25274123 0.70339912 0.00621345 0.00767544
3 0.25237573 0.66927083 0.01133041 0.01123904
3 0.29322003 0.51959978 0.03819444 0.01562500
3 0.29422515 0.54303728 0.03801170 0.01589912
3 0.29513889 0.49561404 0.03654971 0.01589912
2 0.29906798 0.43791118 0.00566520 0.01014254
2 0.29815424 0.42036732 0.01078216 0.01617325
2 0.30509868 0.25657895 0.01955409 0.02138158
5 0.31332237 0.04591557 0.00566520 0.00740132
