5 0.19389620 0.75616776 0.00621345 0.04413377
5 0.19380482 0.85581140 0.00529971 0.02905702
5 0.20568348 0.83566338 0.00676170 0.02055921
10 0.29385965 0.89048794 0.03728070 0.01726974
10 0.29385965 0.86759868 0.03764620 0.01754386
10 0.29577851 0.84553180 0.03563596 0.02165570
2 0.30080409 0.76877741 0.01206140 0.01178728
2 0.30043860 0.78714364 0.00548246 0.01178728
2 0.30893640 0.60923794 0.01991959 0.02494518
5 0.07903874 0.93188048 0.00529971 0.01946272
5 0.06533260 0.94709430 0.00420322 0.01041667
5 0.06697734 0.87061404 0.00566520 0.01809211
5 0.07967836 0.75164474 0.00877193 0.05756579
5 0.08278509 0.63459430 0.00694444 0.02467105
5 0.08305921 0.49616228 0.00603070 0.02247807
5 0.19517544 0.45847039 0.00767544 0.03371711
5 0.19426170 0.64117325 0.00584795 0.02247807
5 0.20431287 0.78070175 0.00548246 0.01425439
