4 0.34036915 0.37637061 0.00676170 0.03289474
4 0.21865863 0.38898026 0.00493421 0.02576754
5 0.22587719 0.39925987 0.00511696 0.01014254
5 0.10105994 0.23341557 0.00475146 0.01507675
5 0.09996345 0.21587171 0.00365497 0.01398026
12 0.09365863 0.19407895 0.00493421 0.00822368
12 0.09438962 0.21532346 0.00493421 0.01014254
5 0.21290205 0.09347588 0.00621345 0.02302632
4 0.34155702 0.08004386 0.00621345 0.01754386
9 0.34146564 0.02905702 0.00785819 0.01918860
10 0.31743421 0.15693531 0.01608187 0.01452851
5 0.34914108 0.39131031 0.00566520 0.01233553
7 0.22395833 0.55290570 0.01553363 0.02631579
4 0.09850146 0.42763158 0.01059942 0.05372807
4 0.09100877 0.15063048 0.00913743 0.08580044
5 0.09950658 0.16502193 0.00529971 0.00877193
10 0.10754751 0.11609101 0.01443713 0.01726974
5 0.09877558 0.08566338 0.01078216 0.01891447
5 0.09512061 0.02179276 0.00383772 0.02165570
10 0.31642909 0.04906798 0.01663012 0.01535088
