1 0.57716895 0.71022727 0.17534247 0.57954545
3 0.41643836 0.64772727 0.18995434 0.36038961
2 0.59041096 0.05681818 0.04292237 0.11363636
7 0.36164384 0.16152597 0.43835616 0.25162338
2 0.68493151 0.08198052 0.04383562 0.15746753
2 0.58995434 0.08279221 0.04566210 0.16558442
6 0.67945205 0.28571429 0.21735160 0.28571429
6 0.65296804 0.28814935 0.31232877 0.30357143
7 0.29863014 0.18262987 0.59726027 0.30681818
6 0.74611872 0.33847403 0.13698630 0.20616883
2 0.09497717 0.50324675 0.02374429 0.05519481
2 0.58082192 0.08198052 0.06575342 0.16396104
