7 0.29239766 0.01713268 0.01169591 0.02220395
7 0.28152412 0.02563048 0.00785819 0.01014254
5 0.27065058 0.03412829 0.00730994 0.00740132
5 0.08717105 0.21943531 0.04349415 0.01562500
2 0.11787281 0.75315241 0.00986842 0.01288377
2 0.12107091 0.74040570 0.00603070 0.00822368
4 0.20193713 0.57593202 0.02083333 0.00877193
5 0.08653143 0.41735197 0.01260965 0.00685307
5 0.17607822 0.22574013 0.00566520 0.00685307
5 0.18530702 0.22587719 0.01388889 0.00657895
5 0.18183480 0.04413377 0.02010234 0.00822368
4 0.05327120 0.05359101 0.03855994 0.00630482
