3 0.43476277 0.13392857 0.57025547 0.13474026
3 0.39005474 0.52435065 0.56843066 0.19155844
3 0.33667883 0.90665584 0.67335766 0.18668831
3 0.34352190 0.15746753 0.42427007 0.18181818
3 0.34899635 0.15340909 0.46989051 0.18993506
3 0.31250000 0.54951299 0.43886861 0.19967532
3 0.37728102 0.15665584 0.47354015 0.17694805
3 0.33759124 0.54788961 0.46350365 0.20292208
3 0.29562044 0.55032468 0.43248175 0.19805195
3 0.29881387 0.51785714 0.40967153 0.24350649
3 0.31432482 0.53246753 0.47901460 0.24025974
3 0.35264599 0.15746753 0.40602190 0.17857143
3 0.33394161 0.88798701 0.65693431 0.22402597
