0 0.22465753 0.23701299 0.18264840 0.47402597
0 0.46666667 0.40259740 0.14977169 0.14935065
2 0.52009132 0.23457792 0.15433790 0.46915584
2 0.11963470 0.25162338 0.04018265 0.12337662
2 0.59041096 0.66639610 0.02831050 0.07305195
2 0.51643836 0.93100649 0.08493151 0.13798701
2 0.28949772 0.82305195 0.01826484 0.04220779
6 0.58767123 0.53977273 0.17442922 0.14123377
7 0.26803653 0.56168831 0.09041096 0.07792208
8 0.08082192 0.85308442 0.13607306 0.29383117
7 0.27031963 0.56006494 0.09132420 0.08441558
8 0.08675799 0.85227273 0.13881279 0.29545455
2 0.58995434 0.66558442 0.02739726 0.07467532
0 0.23013699 0.24837662 0.19908676 0.49675325
2 0.51461187 0.92938312 0.09041096 0.14123377
2 0.51826484 0.23701299 0.17625571 0.47402597
2 0.51917808 0.23863636 0.17260274 0.47402597
2 0.12237443 0.25324675 0.04566210 0.12662338
0 0.22785388 0.25487013 0.21643836 0.50974026
0 0.45616438 0.40259740 0.14337900 0.16233766
8 0.08219178 0.85064935 0.13515982 0.29870130
2 0.28767123 0.83441558 0.02009132 0.03571429
6 0.58812785 0.54058442 0.16803653 0.14935065
2 0.27031963 0.56006494 0.09132420 0.08441558
2 0.32420091 0.37581169 0.02191781 0.04707792
