10 0.07673061 0.86148148 0.15346122 0.27703704
0 0.25938282 0.85259259 0.04003336 0.29481481
2 0.63344454 0.06444444 0.09257715 0.12888889
2 0.56713928 0.35037037 0.03002502 0.09925926
2 0.63928274 0.48666667 0.07589658 0.13481481
6 0.65387823 0.63481481 0.17848207 0.15555556
10 0.35779817 0.70888889 0.09674729 0.24148148
2 0.56755630 0.35185185 0.03252711 0.09925926
2 0.63719766 0.49259259 0.08340284 0.15259259
6 0.65346122 0.64592593 0.14762302 0.13925926
10 0.07256047 0.85259259 0.14512093 0.29481481
6 0.66930776 0.63629630 0.16763970 0.15851852
0 0.26063386 0.85259259 0.04920767 0.29481481
0 0.25771476 0.85851852 0.03836530 0.27703704
2 0.60884070 0.18370370 0.02001668 0.04740741
6 0.66388657 0.64000000 0.16513761 0.14814815
6 0.66722269 0.63925926 0.16680567 0.17629630
10 0.35821518 0.70888889 0.10925771 0.23555556
2 0.63427857 0.06740741 0.09591326 0.13481481
