1 0.57716895 0.71022727 0.17534247 0.57954545
3 0.41552511 0.65990260 0.16803653 0.37175325
2 0.59178082 0.07548701 0.04018265 0.15097403
2 0.68447489 0.07873377 0.03196347 0.15746753
6 0.67123288 0.29788961 0.29954338 0.26461039
7 0.36164384 0.16152597 0.43835616 0.25162338
2 0.68493151 0.08198052 0.04383562 0.15746753
2 0.58995434 0.08279221 0.04566210 0.16558442
6 0.66438356 0.28896104 0.29132420 0.28246753
1 0.58904110 0.68831169 0.20639269 0.55844156
6 0.65296804 0.28814935 0.31232877 0.30357143
2 0.68447489 0.08279221 0.04292237 0.16558442
6 0.66255708 0.29301948 0.27305936 0.29058442
3 0.41598174 0.65097403 0.19634703 0.39285714
7 0.33652968 0.17694805 0.45753425 0.30519481
6 0.74611872 0.33847403 0.13698630 0.20616883
2 0.09406393 0.50324675 0.02191781 0.04870130
1 0.59817352 0.69399351 0.20821918 0.61201299
