3 0.27214612 0.44074675 0.02374429 0.04383117
3 0.45159817 0.43750000 0.01735160 0.05357143
2 0.84292237 0.21509740 0.03287671 0.05681818
2 0.91187215 0.27516234 0.03561644 0.06006494
4 0.28949772 0.44399351 0.57899543 0.11525974
2 0.91095890 0.28327922 0.04109589 0.06006494
2 0.91095890 0.27759740 0.04474886 0.07142857
2 0.84246575 0.20373377 0.03013699 0.06980519
2 0.83926941 0.33766234 0.02009132 0.10064935
2 0.67351598 0.32629870 0.01917808 0.13961039
2 0.84200913 0.26948052 0.03287671 0.19805195
