3 0.07513661 0.48703404 0.04826958 0.55267423
3 0.11748634 0.64019449 0.03096539 0.25283630
3 0.28642987 0.47974068 0.03369763 0.55429498
3 0.17805100 0.91653160 0.10655738 0.09886548
3 0.36839709 0.90518639 0.09927140 0.09238250
8 0.63023679 0.44489465 0.06010929 0.18638574
3 0.11475410 0.63857374 0.03825137 0.26256078
3 0.07832423 0.49108590 0.06010929 0.58022690
3 0.28460838 0.48622366 0.05373406 0.58346840
3 0.11703097 0.63452188 0.03187614 0.26094003
3 0.08196721 0.61426256 0.03825137 0.32414911
3 0.18123862 0.91977310 0.11111111 0.12155592
3 0.36520947 0.91653160 0.10928962 0.12155592
4 0.80191257 0.70016207 0.14845173 0.16207455
2 0.21584699 0.52998379 0.03278689 0.24959481
3 0.28506375 0.48946515 0.05464481 0.58670989
