0 0.65599268 0.11951220 0.15919488 0.14146341
0 0.96843550 0.25365854 0.06312900 0.13983740
10 0.74611162 0.37967480 0.06312900 0.14146341
2 0.90667887 0.10975610 0.08234218 0.16097561
2 0.96340348 0.39024390 0.05306496 0.10731707
10 0.96111619 0.65365854 0.07776761 0.28617886
5 0.76578225 0.22439024 0.06404392 0.10731707
9 0.10201281 0.27235772 0.20402562 0.11219512
5 0.39432754 0.19756098 0.20860018 0.06341463
2 0.96340348 0.38780488 0.05855444 0.11544715
2 0.90118939 0.10325203 0.09149131 0.17073171
2 0.90210430 0.10975610 0.08783166 0.16422764
5 0.76623971 0.22601626 0.07410796 0.10731707
10 0.96248856 0.63414634 0.07502287 0.26016260
10 0.74245197 0.38292683 0.07044831 0.14796748
10 0.96386093 0.66341463 0.07044831 0.28943089
0 0.69167429 0.08617886 0.06404392 0.16910569
