5 0.71923428 0.74878444 0.15679125 0.14262561
2 0.07885141 0.57374392 0.02461258 0.22366288
2 0.11349134 0.54294976 0.02643573 0.28525122
2 0.26800365 0.57293355 0.02734731 0.09562399
2 0.46262534 0.58022690 0.03008204 0.15559157
5 0.72060164 0.75040519 0.14858706 0.15883306
2 0.26845943 0.56807131 0.03372835 0.10534846
2 0.46627165 0.57374392 0.03555150 0.12965964
2 0.11257976 0.54700162 0.03008204 0.27390600
2 0.07520510 0.57779579 0.03008204 0.20583468
2 0.11257976 0.41572123 0.02825889 0.25445705
5 0.72105743 0.74392220 0.16043756 0.14910859
